2009 12.0 8.4 16.0 7.6 4.2 74 1531.2 1729.0
2010 12.3 8.9 16.1 7.2 4.2 75 1431.3 1890.5
2011 11.8 8.3 15.7 7.4 4.3 73 1466.3 1834.0
2012 12.1 8.7 15.9 7.2 4.3 78 1684.3 1742.5
2013 11.9 8.5 15.7 7.2 4.3 74 1469.4 2373.0
2014 12.0 8.4 16.0 7.6 4.4 72 1647.3 1737.5
2015 12.7 9.0 16.7 7.7 4.4 70 1712.6 1490.5
2016 12.5 8.9 16.5 7.6 4.1 74 1673.5 1795.5
2017 11.9 8.4 15.8 7.4 4.2 76 1600.4 1935.0
2018 12.3 8.8 16.3 7.5 4.1 75 1526.2 2016.5
2019 12.9 9.0 17.1 8.1 4.2 72 1833.7 1566.5
2020 12.8 9.4 16.8 7.4 4.1 75 1535.7 2022.5
2021 12.9 9.2 17.0 7.8 4.3 75 1755.7 1916.5
2022 12.6 8.9 16.7 7.8 4.1 75 1654.3 1862.0
