2009 16.3 13.1 20.1 7.0 3.9 68 1701.7 1636.5
2010 16.6 13.3 20.5 7.2 4.0 68 1931.8 1525.0
2011 16.3 13.0 20.2 7.2 3.9 66 2082.6 1258.5
2012 15.9 12.6 19.8 7.2 3.7 67 2039.3 1614.0
2013 16.6 13.0 20.7 7.7 4.0 64 2135.3 1446.5
2014 16.3 12.9 20.3 7.4 3.7 63 2113.4 1495.5
2015 16.7 13.6 20.6 7.0 3.8 66 2034.1 1615.5
2016 16.8 13.5 20.8 7.3 3.6 67 1856.7 1604.5
2017 16.3 13.0 20.2 7.2 3.7 64 2054.1 1250.0
2018 17.2 13.8 21.1 7.3 3.9 67 2120.2 1261.0
2019 16.8 13.6 20.7 7.1 3.6 64 1912.8 1697.0
2020 17.0 13.7 20.7 7.0 3.6 67 1880.4 1791.5
2021 17.1 13.7 21.0 7.3 3.7 63 2169.9 1834.5
2022 16.7 13.5 20.7 7.2 3.6 65 2025.1 1427.5
