2009 14.7 10.8 19.4 8.6 2.7 76 1600.0 2067.0
2010 15.0 11.3 19.5 8.2 2.8 77 1618.9 2717.0
2011 14.6 10.9 19.3 8.4 2.7 77 1691.0 2670.0
2012 14.6 10.9 19.2 8.3 2.9 75 1755.2 2492.5
2013 14.9 11.0 19.6 8.6 2.8 74 1739.9 2725.5
2014 14.6 10.7 19.4 8.7 2.8 74 1787.7 2463.5
2015 15.2 11.3 19.7 8.4 2.7 76 1684.6 2299.5
2016 15.6 11.8 20.4 8.6 2.8 72 1733.4 2027.0
2017 14.6 10.7 19.4 8.7 2.7 74 1763.5 2506.5
2018 15.3 11.3 20.1 8.8 2.7 77 1844.4 2632.0
2019 15.6 11.5 20.4 8.9 2.7 76 1777.1 1851.5
2020 15.6 11.8 20.4 8.6 2.7 77 1695.3 2531.5
2021 15.4 11.4 20.3 8.9 2.8 77 1829.0 2858.0
2022 15.4 11.5 20.3 8.8 2.6 77 1826.4 2467.0
