2009 13.5 9.4 18.5 9.1 2.3 67 1689.4 1079.5
2010 13.8 9.7 18.9 9.2 2.1 69 1737.3 1518.5
2011 13.3 9.1 18.5 9.4 2.3 68 1825.3 1091.5
2012 13.2 9.4 18.1 8.7 2.4 70 1751.4 1070.5
2013 13.4 9.3 18.5 9.2 2.5 69 1844.3 1202.0
2014 13.3 9.2 18.4 9.2 2.4 69 1889.2 1365.5
2015 14.2 10.1 19.2 9.1 2.4 70 1883.7 1284.0
2016 14.2 10.0 19.1 9.1 2.5 69 1817.7 1172.0
2017 13.4 9.3 18.3 9.0 2.5 71 1777.2 1202.5
2018 14.2 9.9 19.4 9.5 2.4 70 1915.7 828.0
2019 14.0 9.8 19.2 9.4 2.5 70 1926.8 1462.5
2020 14.1 10.2 19.0 8.8 2.4 72 1683.5 1224.5
2021 14.0 9.8 19.1 9.3 2.4 72 1811.3 1202.0
2022 13.9 9.7 19.0 9.3 2.4 72 1807.5 1033.0
