2009 16.4 12.5 21.2 8.7 3.7 64 1996.1 1486.5
2010 16.6 12.8 21.2 8.4 3.5 64 2049.1 1586.0
2011 16.2 12.5 20.7 8.2 3.5 65 1968.9 1502.0
2012 16.2 12.6 20.6 8.0 3.4 67 1962.2 1478.0
2013 16.6 12.7 21.1 8.4 3.4 67 2248.8 1820.5
2014 16.2 12.5 20.6 8.1 3.4 68 1979.7 1573.0
2015 16.6 13.0 21.0 8.0 3.2 65 1963.4 1641.0
2016 17.2 13.7 21.6 7.9 3.2 65 1896.8 2124.0
2017 16.3 12.6 20.7 8.1 3.2 63 2097.6 1619.5
2018 16.8 13.2 21.2 8.0 3.3 62 2181.5 1878.5
2019 17.2 13.4 21.7 8.3 3.3 61 2133.8 1381.5
2020 17.1 13.4 21.6 8.2 3.3 61 2167.1 2026.5
2021 17.1 13.2 21.7 8.5 3.2 62 2086.7 2267.0
2022 17.1 13.4 21.8 8.4 3.3 60 2181.8 1212.5
