2009 19.0 15.3 23.5 8.2 3.3 67 1958.7 1530.0
2010 18.9 15.5 23.0 7.5 3.2 71 1765.8 2942.0
2011 18.4 14.9 22.5 7.6 3.4 71 1866.8 2063.0
2012 18.2 14.7 22.5 7.8 3.4 73 1750.5 2895.0
2013 18.9 15.2 23.5 8.3 3.4 70 2182.9 1777.5
2014 18.5 14.9 22.7 7.8 3.3 72 1872.3 2834.0
2015 18.8 15.3 22.9 7.6 3.1 74 1778.2 3663.5
2016 19.6 16.2 23.8 7.6 3.2 75 1945.7 3285.5
2017 18.6 15.0 22.9 7.9 3.3 73 2027.2 2274.0
2018 19.0 15.4 23.3 7.9 3.4 73 2051.2 2397.0
2019 19.4 16.0 23.7 7.7 3.3 72 1971.2 2470.0
2020 19.2 15.5 23.6 8.1 3.2 73 2041.4 2977.5
2021 19.3 15.8 23.8 8.0 3.2 73 2038.6 2782.0
2022 19.3 15.8 23.6 7.8 3.2 72 2003.2 2416.0
