2009 11.3 11.3 18.8 7.5 3.9 67 1702.8 2292.0
2010 11.7 11.7 19.0 7.3 4.0 69 1674.7 2858.5
2011 11.3 11.3 18.8 7.5 3.9 71 1718.3 2467.0
2012 11.4 11.4 18.7 7.3 3.9 71 1836.1 2675.5
2013 11.5 11.5 19.1 7.6 4.0 70 1868.3 3318.0
2014 11.3 11.3 18.7 7.4 3.7 70 1860.6 2634.5
2015 11.9 11.9 19.3 7.4 3.7 71 1793.3 2164.5
2016 12.2 12.2 19.9 7.7 3.9 70 1801.7 2390.5
2017 11.4 11.4 19.0 7.6 4.0 68 1849.5 2703.0
2018 11.9 11.9 19.7 7.8 3.9 69 1880.7 2765.5
2019 12.2 12.2 19.9 7.7 3.7 67 1895.6 2009.5
2020 12.4 12.4 20.0 7.6 3.8 69 1735.8 2535.5
2021 12.2 12.2 20.0 7.8 4.0 69 1888.8 2690.0
2022 12.1 12.1 19.8 7.7 3.9 70 1902.7 2223.5
