2009 17.1 14.1 20.6 6.5 3.6 66 2046.8 1197.5
2010 17.2 14.3 20.7 6.4 3.7 68 2091.5 1633.0
2011 16.8 13.8 20.3 6.5 3.8 67 2104.1 1624.5
2012 16.6 13.7 20.1 6.4 3.8 63 2015.3 1254.5
2013 17.0 13.9 20.6 6.7 3.7 63 2255.4 1297.5
2014 16.7 13.7 20.3 6.6 3.8 63 2096.0 1222.0
2015 17.3 14.3 20.6 6.3 3.6 65 1988.4 1578.0
2016 17.8 14.7 21.4 6.7 3.6 65 2114.7 1346.5
2017 16.8 13.8 20.3 6.5 3.6 65 2195.1 1196.0
2018 17.4 14.3 20.8 6.5 3.7 67 2247.5 2037.5
2019 17.7 14.6 21.1 6.5 3.6 66 2143.6 1177.5
2020 17.6 14.7 21.1 6.4 3.6 66 2185.8 1614.5
2021 17.5 14.4 21.1 6.7 3.6 67 2178.6 1637.0
2022 17.5 14.5 21.0 6.5 3.6 66 2310.0 1160.5
