2009 17.5 13.4 22.4 9.0 1.7 69 2137.4 2062.5
2010 17.6 13.5 22.2 8.7 1.7 70 2118.4 3093.0
2011 17.2 13.1 21.9 8.8 1.7 69 2126.3 2686.0
2012 16.8 12.8 21.6 8.8 1.7 71 2066.4 2985.0
2013 17.3 13.0 22.2 9.2 1.8 68 2372.9 2327.0
2014 17.0 12.9 21.8 8.9 1.8 68 2095.0 3658.5
2015 17.5 13.4 22.3 8.9 1.7 71 2098.4 2966.5
2016 18.1 14.2 22.8 8.6 1.7 71 2096.7 2823.0
2017 17.1 12.9 22.0 9.1 1.7 68 2218.3 2022.0
2018 17.4 13.3 22.2 8.9 1.8 72 2265.0 3092.5
2019 17.8 13.7 22.6 8.9 1.7 71 2134.7 2538.5
2020 17.8 13.6 22.7 9.1 1.7 71 2310.1 3238.5
2021 17.6 13.4 22.6 9.2 1.7 72 2211.4 3121.0
2022 17.7 13.5 22.7 9.2 1.7 71 2270.8 2025.5
