2009 15.1 10.5 20.9 10.4 2.1 62 2133.6 1023.0
2010 15.2 10.5 21.1 10.6 2.1 65 2176.6 1320.0
2011 15.0 10.1 21.1 11.0 2.2 63 2306.6 1423.5
2012 14.8 10.0 20.8 10.8 2.3 63 2357.9 1003.5
2013 15.4 10.4 21.8 11.4 2.4 60 2461.5 939.0
2014 14.7 9.9 20.8 10.9 2.2 62 2335.2 1190.0
2015 15.6 10.9 21.4 10.5 2.1 64 2205.1 1114.5
2016 15.7 10.9 21.6 10.7 2.1 63 2187.8 1125.0
2017 14.9 10.0 21.0 11.0 2.3 58 2357.0 1076.0
2018 16.0 11.1 22.1 11.0 2.2 60 2391.3 1153.5
2019 15.9 11.2 21.8 10.6 2.2 62 2216.1 1168.0
2020 15.9 11.2 21.8 10.6 2.1 68 2250.3 1431.0
2021 15.7 10.9 21.8 10.9 2.2 66 2319.5 1246.0
2022 15.7 10.8 21.8 11.0 2.1 67 2298.1 1019.5
