2009 15.5 11.3 20.6 9.3 2.4 65 1950.2 1111.5
2010 15.8 11.3 21.2 9.9 2.3 66 2113.7 1307.0
2011 15.4 10.8 20.9 10.1 2.5 65 2215.2 1324.5
2012 15.1 10.7 20.6 9.9 2.7 65 2255.4 1079.0
2013 15.6 11.0 21.2 10.2 2.7 63 2336.2 1251.0
2014 15.3 10.7 20.7 10.0 2.6 63 2366.3 1387.5
2015 16.0 11.6 21.1 9.5 2.5 63 2168.2 1335.0
2016 15.9 11.5 21.1 9.6 2.4 63 2071.3 1301.0
2017 15.4 10.9 20.8 9.9 2.6 60 2294.8 1308.5
2018 16.4 11.8 21.9 10.1 2.4 63 2308.3 1056.0
2019 16.1 11.7 21.3 9.6 2.6 66 2143.4 1460.5
2020 16.2 11.8 21.4 9.6 2.4 69 2110.6 1364.0
2021 16.0 11.5 21.4 9.9 2.5 67 2245.3 1177.0
2022 16.0 11.5 21.4 9.9 2.5 68 2213.8 1251.0
