2009 15.0 11.2 19.4 8.2 3.3 75 1528.6 1615.0
2010 15.5 11.8 19.9 8.1 3.5 74 1703.5 1857.0
2011 15.0 11.4 19.5 8.1 3.3 77 1637.4 1975.5
2012 15.1 11.4 19.5 8.1 3.3 76 1721.2 1561.5
2013 15.4 11.6 19.9 8.3 3.4 75 1842.6 2035.0
2014 14.9 11.2 19.4 8.2 3.3 77 1721.0 1818.5
2015 15.4 11.7 19.7 8.0 3.2 77 1740.1 1706.0
2016 15.9 12.3 20.3 8.0 3.2 78 1663.6 1800.0
2017 15.3 11.4 19.7 8.3 3.4 76 1852.3 1760.5
2018 15.6 11.8 20.1 8.3 3.3 76 1851.1 1976.5
2019 15.9 12.0 20.5 8.5 3.1 76 1784.9 1490.5
2020 15.8 12.1 20.3 8.2 3.3 77 1780.8 2015.0
2021 15.9 12.1 20.5 8.4 3.5 77 1846.1 2223.5
2022 15.8 12.0 20.4 8.4 3.3 75 1896.4 1300.0
