2009 14.2 9.9 19.1 9.2 2.2 72 1868.0 1461.0
2010 14.5 10.1 19.5 9.4 2.4 73 2012.9 1530.5
2011 14.1 9.5 19.2 9.7 2.3 72 2081.5 1498.5
2012 13.9 9.6 18.8 9.2 2.4 74 2202.3 1485.5
2013 14.3 9.7 19.4 9.7 2.3 72 2259.0 1338.0
2014 14.2 9.6 19.3 9.7 2.3 72 2249.6 1471.0
2015 14.8 10.5 19.6 9.1 2.4 74 2117.6 1226.5
2016 14.8 10.5 19.8 9.3 2.4 74 2061.6 1426.0
2017 14.2 9.6 19.3 9.7 2.3 71 2144.7 1126.5
2018 15.3 10.7 20.5 9.8 2.4 72 2199.1 1282.5
2019 14.9 10.5 19.9 9.4 2.4 71 2088.6 1391.0
2020 15.0 10.7 20.0 9.3 2.4 74 2058.8 1422.0
2021 15.0 10.3 20.3 10.0 2.3 70 2263.1 1661.0
2022 14.8 10.3 20.1 9.8 2.3 70 2159.1 1202.5
