2009 17.8 13.6 22.4 8.8 3.2 73 2172.4 2219.0
2010 17.7 13.7 22.1 8.4 3.2 75 1988.3 2811.0
2011 17.3 13.3 21.8 8.5 3.3 73 2044.3 2590.0
2012 17.2 13.3 21.6 8.3 3.2 74 2009.7 3191.5
2013 17.9 13.7 22.6 8.9 3.4 73 2410.5 2079.5
2014 17.4 13.3 22.0 8.7 3.2 76 2072.0 2731.5
2015 17.7 13.8 22.2 8.4 3.0 77 1966.5 3193.0
2016 18.6 14.7 22.9 8.2 3.1 77 2051.4 2951.5
2017 17.6 13.5 22.3 8.8 3.3 74 2224.0 2721.5
2018 17.8 13.9 22.3 8.4 3.2 77 2191.9 3167.5
2019 18.4 14.5 22.8 8.3 3.1 77 2045.0 3045.5
2020 18.3 14.1 22.9 8.8 3.1 76 2208.0 2279.5
2021 18.2 14.0 22.8 8.8 3.3 76 2145.7 3126.0
2022 18.2 14.3 22.7 8.4 3.1 76 2106.8 2865.0
