2009 10.6 6.2 15.5 9.3 2.9 74 1688.9 1274.5
2010 11.0 7.0 15.6 8.6 2.8 74 1565.8 1634.0
2011 10.5 6.3 15.3 9.0 2.9 73 1726.8 1229.0
2012 10.8 6.6 15.6 9.0 2.9 75 1805.5 1029.5
2013 10.6 6.4 15.2 8.8 2.9 77 1670.7 1643.0
2014 10.6 6.2 15.6 9.4 2.9 74 1852.3 1280.0
2015 11.6 7.1 16.5 9.4 2.9 73 1871.6 1094.0
2016 11.2 6.8 16.1 9.3 2.9 74 1823.9 1318.0
2017 10.6 6.3 15.3 9.0 2.8 77 1639.5 1409.5
2018 11.0 6.6 15.9 9.3 2.8 76 1778.1 1322.0
2019 11.3 6.7 16.3 9.6 2.9 74 1882.9 1029.5
2020 11.4 7.3 16.1 8.8 2.8 77 1563.8 1462.0
2021 11.4 7.0 16.4 9.4 2.9 77 1781.2 1268.5
2022 11.2 6.7 16.0 9.3 2.8 78 1773.6 1402.5
