2009 12.4 8.0 17.9 9.9 2.5 71 1893.9 975.0
2010 12.6 8.4 18.0 9.6 2.4 73 1928.9 1058.0
2011 12.0 7.7 17.6 9.9 2.5 72 2013.1 958.5
2012 12.1 7.8 17.5 9.7 2.5 72 2043.6 955.5
2013 12.3 7.9 18.1 10.2 2.5 72 2129.8 1137.5
2014 11.9 7.4 17.5 10.1 2.4 72 2028.1 902.0
2015 12.8 8.5 18.3 9.8 2.5 73 1947.3 1057.5
2016 13.1 8.6 18.8 10.2 2.6 73 2022.3 923.0
2017 11.9 7.5 17.4 9.9 2.4 75 1976.3 1194.0
2018 13.0 8.5 18.9 10.4 2.5 74 2121.9 886.0
2019 12.9 8.4 18.5 10.1 2.5 74 1976.8 1006.0
2020 13.1 8.7 18.7 10.0 2.5 76 1949.1 1030.0
2021 12.9 8.5 18.7 10.2 2.5 75 2080.1 1075.0
2022 12.7 8.3 18.4 10.1 2.4 75 2041.3 1022.5
