2009 16.5 12.5 21.4 8.9 2.9 61 2150.3 1755.5
2010 16.6 12.8 21.3 8.5 2.9 64 2095.3 1730.0
2011 16.1 12.2 20.9 8.7 3.1 67 2151.5 1785.5
2012 15.8 11.9 20.5 8.6 3.1 67 2159.5 1567.5
2013 16.4 12.2 21.4 9.2 3.1 64 2355.3 1463.5
2014 16.1 12.1 21.0 8.9 3.1 64 2255.3 1505.5
2015 16.6 12.8 21.3 8.5 3.0 67 2100.3 1803.0
2016 17.0 13.0 21.8 8.8 3.0 65 2168.2 1686.0
2017 15.9 12.0 20.8 8.8 3.0 64 2221.0 1701.5
2018 16.9 12.9 22.0 9.1 3.1 62 2330.6 1695.5
2019 17.0 13.2 21.8 8.6 3.1 64 2208.7 1555.5
2020 17.0 13.2 21.8 8.6 3.0 68 2215.8 1711.0
2021 16.8 13.0 21.7 8.7 2.9 69 2078.1 1998.5
2022 16.9 12.9 21.7 8.8 3.0 69 2256.3 1578.0
