2009 23.4 21.1 26.3 5.2 5.3 72 1876.6 1864.5
2010 23.1 20.8 25.8 5.0 5.3 74 1502.7 2895.5
2011 22.9 20.7 25.5 4.8 5.4 75 1602.3 2122.0
2012 23.0 20.9 25.6 4.7 5.5 74 1538.9 2733.0
2013 23.3 21.1 26.0 4.9 5.3 73 1809.0 2071.0
2014 23.1 20.9 25.8 4.9 5.3 73 1760.2 2584.5
2015 23.6 21.5 26.2 4.7 5.2 73 1813.8 1425.0
2016 24.1 21.9 26.8 4.9 5.1 74 1757.2 2368.0
2017 23.6 21.5 26.3 4.8 5.0 71 1646.0 1907.0
2018 23.5 21.3 26.2 4.9 5.3 74 1876.5 2469.5
2019 23.9 21.7 26.5 4.8 5.2 77 1665.6 2637.5
2020 23.8 21.6 26.5 4.9 5.1 77 1737.2 2481.0
2021 23.6 21.4 26.3 4.9 5.2 77 1867.1 2485.5
2022 23.7 21.6 26.2 4.6 4.9 80 1588.8 2996.5
