2009 15.1 10.3 20.8 10.5 1.4 75 1803.3 1287.0
2010 15.4 10.8 20.9 10.1 1.4 73 1781.5 1587.5
2011 15.0 10.4 20.6 10.2 1.4 71 1847.8 1473.0
2012 14.7 10.3 20.2 9.9 1.4 73 1755.9 1597.5
2013 15.3 10.5 21.0 10.5 1.4 72 2004.2 1505.5
2014 14.9 10.3 20.6 10.3 1.4 74 1854.0 1320.5
2015 15.5 11.0 21.0 10.0 1.4 76 1738.7 1512.0
2016 16.0 11.2 21.6 10.4 1.3 76 1887.1 1493.5
2017 15.4 11.1 20.6 9.5 2.0 70 1891.2 1291.0
2018 16.2 11.9 21.5 9.6 2.1 70 2065.2 1646.5
2019 16.3 11.9 21.5 9.6 2.1 71 1886.8 1482.5
2020 16.3 12.1 21.6 9.5 2.1 71 1881.7 1628.5
2021 16.3 12.0 21.7 9.7 2.2 71 1936.4 1642.0
2022 16.2 11.8 21.6 9.8 2.1 71 2043.1 1216.0
