2009 14.1 10.9 17.8 6.9 3.2 69 1586.2 1792.5
2010 14.4 11.3 18.1 6.8 3.2 72 1583.4 2072.0
2011 13.9 10.7 17.7 7.0 3.2 71 1728.4 1858.0
2012 13.8 10.7 17.4 6.7 3.3 72 1742.6 1810.0
2013 13.8 10.6 17.5 6.9 3.3 73 1661.6 2327.0
2014 13.7 10.3 17.5 7.2 3.2 72 1764.2 1984.0
2015 14.4 11.0 18.2 7.2 3.1 72 1684.6 1467.5
2016 14.5 11.0 18.3 7.3 3.0 74 1738.4 1499.0
2017 13.7 10.3 17.5 7.2 3.2 75 1642.5 2036.5
2018 14.3 10.8 18.4 7.6 3.1 75 1698.8 1795.5
2019 14.6 10.9 18.8 7.9 3.0 73 1832.6 1352.0
2020 14.7 11.2 18.7 7.5 3.0 76 1608.5 2077.5
2021 14.5 10.9 18.6 7.7 3.1 76 1826.8 1952.0
2022 14.5 10.9 18.5 7.6 2.9 75 1751.7 2002.0
