2009 16.6 12.5 21.1 8.6 2.9 66 1995.8 1074.0
2010 16.7 12.7 21.1 8.4 3.1 65 2096.9 1216.0
2011 16.3 12.5 20.7 8.2 3.0 64 2028.2 1416.5
2012 16.1 12.2 20.4 8.2 3.2 66 2051.5 1106.0
2013 16.4 12.2 21.0 8.8 3.0 65 2214.3 1341.0
2014 16.1 12.2 20.5 8.3 2.9 65 1972.5 1142.5
2015 16.2 11.9 21.1 9.2 2.9 70 2011.7 1333.5
2016 16.6 12.3 21.7 9.4 2.8 72 1995.5 1513.0
2017 15.7 11.2 21.0 9.8 3.0 70 2129.6 1205.5
2018 16.3 11.7 21.5 9.8 3.0 71 2229.2 1410.0
2019 16.5 12.0 21.8 9.8 2.9 71 2065.7 921.5
2020 16.5 12.0 21.9 9.9 2.9 71 2162.4 1154.0
2021 16.4 11.8 21.8 10.0 3.0 72 2165.9 1191.5
2022 16.4 11.8 21.9 10.1 2.8 70 2251.8 839.5
