2009 9.4 6.0 13.2 7.2 3.6 68 1604.4 1147.0
2010 9.8 6.5 13.5 7.0 3.4 69 1526.9 1325.0
2011 9.3 5.8 13.2 7.4 3.3 69 1753.6 1253.5
2012 9.3 6.0 13.1 7.1 3.5 70 1819.6 1279.0
2013 9.2 5.8 13.0 7.2 3.6 71 1647.9 1347.0
2014 9.3 5.6 13.5 7.9 3.5 67 1912.7 1203.5
2015 10.0 6.6 13.9 7.3 3.6 67 1813.0 1274.5
2016 9.3 5.9 13.1 7.2 3.7 66 1818.5 1360.0
2017 9.1 5.5 13.1 7.6 3.3 67 1819.9 1158.0
2018 9.5 6.0 13.3 7.3 3.3 69 1741.6 1282.0
2019 9.8 6.2 14.0 7.8 3.5 69 1987.7 814.0
2020 10.0 6.6 13.9 7.3 3.3 71 1764.3 905.0
2021 10.2 6.5 14.4 7.9 3.5 70 2049.0 1089.0
2022 10.2 6.6 14.1 7.5 3.4 71 1847.8 1154.0
