2009 12.9 9.4 17.1 7.7 3.1 71 1726.2 1303.5
2010 13.2 9.8 17.3 7.5 3.0 72 1786.9 1444.0
2011 12.9 9.3 17.2 7.9 3.2 70 1990.1 1214.0
2012 12.6 9.3 16.7 7.4 3.2 72 1909.0 1179.5
2013 12.7 9.2 16.8 7.6 3.2 71 1879.5 1111.5
2014 12.8 9.2 17.1 7.9 3.2 70 2093.4 1416.5
2015 13.7 10.0 17.9 7.9 3.2 69 2102.8 1444.5
2016 13.5 10.0 17.8 7.8 3.1 68 1895.7 1209.0
2017 12.9 9.4 17.0 7.6 3.0 70 1909.5 1320.5
2018 13.6 9.8 18.0 8.2 3.0 72 1998.4 1082.0
2019 13.6 9.9 17.9 8.0 3.1 70 2056.0 1389.5
2020 13.7 10.3 17.8 7.5 2.9 74 1797.2 1247.0
2021 13.7 10.1 17.9 7.8 3.1 73 1972.8 1183.0
2022 13.5 9.9 17.9 8.0 3.0 73 1951.9 1224.5
