2009 15.0 10.8 19.9 9.1 2.9 73 1589.0 1851.5
2010 15.6 11.4 20.3 8.9 3.1 72 1717.4 1830.5
2011 15.0 11.0 19.8 8.8 2.9 74 1603.9 2375.5
2012 14.9 10.8 19.7 8.9 3.1 74 1725.5 2281.0
2013 15.5 11.1 20.5 9.4 3.3 72 1842.0 2048.0
2014 14.9 10.7 20.0 9.3 3.1 73 1706.7 1890.0
2015 15.4 11.2 20.4 9.2 3.0 74 1696.2 1750.0
2016 16.0 11.9 20.9 9.0 2.9 75 1713.4 1795.0
2017 15.2 10.9 20.2 9.3 3.1 73 1828.5 2248.0
2018 15.7 11.5 20.7 9.2 3.1 74 1825.7 2183.5
2019 16.0 11.6 21.0 9.4 3.0 75 1723.4 1536.5
2020 15.9 11.7 20.9 9.2 3.1 76 1726.8 2096.0
2021 15.9 11.5 21.1 9.6 3.1 76 1785.5 2188.0
2022 15.7 11.5 20.9 9.4 3.0 76 1793.1 1534.5
