2009 14.6 10.8 19.0 8.2 2.9 78 1559.8 2224.0
2010 14.9 11.2 19.3 8.1 2.9 80 1593.2 2786.5
2011 14.3 10.4 18.6 8.2 2.8 78 1611.1 2668.5
2012 14.2 10.5 18.5 8.0 2.9 77 1758.2 2322.5
2013 14.5 10.6 19.1 8.5 3.0 75 1785.9 2862.5
2014 14.3 10.4 18.7 8.3 2.8 72 1768.5 2535.0
2015 14.8 11.0 19.2 8.2 2.8 72 1715.5 2140.5
2016 15.2 11.4 19.7 8.3 2.9 72 1679.9 2335.5
2017 14.3 10.4 18.8 8.4 2.9 78 1736.8 2699.5
2018 15.0 11.0 19.7 8.7 2.9 78 1799.5 2751.0
2019 15.2 11.3 19.7 8.4 2.8 78 1738.3 2097.5
2020 15.4 11.5 20.0 8.5 2.8 78 1664.6 2136.0
2021 15.1 11.2 19.7 8.5 2.9 77 1760.2 2609.5
2022 15.1 11.2 19.6 8.4 2.8 77 1775.5 2401.5
