2009 16.3 12.9 20.3 7.4 3.9 69 2074.8 1524.0
2010 16.6 13.3 20.5 7.2 3.8 67 2159.0 1623.5
2011 16.1 12.8 20.0 7.2 3.8 66 2103.3 1751.5
2012 15.9 12.7 19.7 7.0 3.6 69 2148.3 1714.0
2013 16.5 13.0 20.4 7.4 3.5 66 2365.5 1393.5
2014 16.1 12.8 20.0 7.2 3.4 67 2142.0 1589.0
2015 16.6 13.4 20.3 6.9 3.3 69 2048.0 1979.0
2016 16.9 13.6 20.7 7.1 3.3 66 2143.6 1785.5
2017 16.1 12.7 19.9 7.2 3.3 63 2181.0 1679.5
2018 16.9 13.4 20.7 7.3 3.3 63 2325.9 1720.0
2019 16.9 13.6 20.7 7.1 3.4 63 2110.7 1630.0
2020 17.1 13.7 20.9 7.2 3.2 63 2174.5 1787.0
2021 16.9 13.6 20.9 7.3 3.4 63 2165.6 1839.5
2022 16.9 13.5 20.9 7.4 3.2 65 2194.5 1408.0
