2009 14.6 10.3 19.7 9.4 2.9 69 1826.2 1394.0
2010 14.8 10.4 20.0 9.6 2.8 71 1878.6 1718.0
2011 14.2 9.7 19.6 9.9 2.9 69 2049.4 1619.5
2012 14.0 9.6 19.4 9.8 3.0 68 2088.5 1668.0
2013 14.4 9.8 19.9 10.1 3.0 67 2127.9 1504.5
2014 14.2 9.6 19.6 10.0 3.0 66 2180.3 1763.5
2015 14.9 10.7 20.0 9.3 2.9 67 2021.9 1651.0
2016 14.8 10.4 20.1 9.7 2.9 68 1936.3 1591.5
2017 14.1 9.6 19.6 10.0 2.9 68 2035.4 1307.5
2018 15.2 10.7 20.7 10.0 3.0 71 2156.3 1257.0
2019 14.9 10.4 20.3 9.9 3.0 71 1948.1 1867.5
2020 15.0 10.6 20.3 9.7 3.0 73 1967.2 1353.5
2021 14.9 10.3 20.3 10.0 3.0 71 2100.0 1740.0
2022 14.9 10.4 20.3 9.9 2.9 72 2070.8 1303.5
