2009 15.8 11.3 21.2 9.9 1.7 71 1882.8 2016.5
2010 16.0 11.7 21.0 9.3 1.8 70 1844.2 2083.5
2011 15.6 11.5 20.7 9.2 1.7 70 1785.1 1891.0
2012 15.4 11.2 20.4 9.2 1.9 71 1769.7 1692.5
2013 15.8 11.2 21.3 10.1 1.9 74 2040.7 2267.0
2014 15.3 10.7 20.8 10.1 1.9 74 1771.0 1715.5
2015 15.9 11.3 21.3 10.0 1.9 75 1853.5 2061.0
2016 16.5 12.1 21.8 9.7 1.9 78 1780.5 2493.0
2017 15.6 11.0 21.2 10.2 1.8 76 1988.9 1764.0
2018 16.0 11.3 21.6 10.3 1.9 76 2025.0 1939.5
2019 16.3 11.7 22.0 10.3 1.9 75 1952.9 1974.5
2020 16.1 11.5 21.8 10.3 1.9 75 2007.4 2277.0
2021 16.4 11.7 22.1 10.4 1.9 76 1963.6 2132.5
2022 16.3 11.6 22.1 10.5 2.0 74 2078.1 1375.0
