2009 12.1 7.8 17.2 9.4 1.6 73 1560.1 1002.0
2010 12.5 8.5 17.5 9.0 1.6 73 1539.3 1418.5
2011 11.8 7.6 16.9 9.3 1.7 72 1664.3 1144.5
2012 11.8 7.8 16.7 8.9 1.8 74 1663.8 991.5
2013 11.9 7.8 17.0 9.2 1.9 74 1696.0 1347.0
2014 11.8 7.6 16.9 9.3 1.8 73 1736.9 1336.5
2015 12.7 8.4 17.8 9.4 1.8 71 1744.2 1027.0
2016 12.7 8.6 17.8 9.2 1.9 71 1683.3 1243.5
2017 11.9 7.9 16.8 8.9 1.9 74 1556.4 1341.5
2018 12.6 8.2 17.8 9.6 1.9 75 1765.0 1124.0
2019 12.8 8.4 17.9 9.5 1.9 73 1789.8 1261.5
2020 13.0 8.9 18.0 9.1 1.8 75 1547.1 1284.5
2021 12.7 8.3 17.8 9.5 1.9 75 1734.5 1037.5
2022 12.6 8.3 17.7 9.4 1.8 75 1743.9 1177.5
