2009 13.3 13.3 20.0 6.7 3.4 65 1854.1 1894.0
2010 13.3 13.3 20.5 7.2 3.4 67 2094.0 1855.5
2011 13.1 13.1 20.3 7.2 3.6 66 2188.3 1557.0
2012 12.7 12.7 19.8 7.1 3.6 67 2125.0 1997.5
2013 13.3 13.3 20.6 7.3 3.7 64 2256.7 1516.5
2014 13.0 13.0 20.3 7.3 3.6 66 2220.7 1860.0
2015 13.6 13.6 20.5 6.9 3.4 70 2076.1 1836.0
2016 13.7 13.7 20.7 7.0 3.4 70 1935.2 1969.5
2017 13.0 13.0 20.3 7.3 3.5 67 2174.6 1628.5
2018 13.9 13.9 21.1 7.2 3.7 68 2194.6 1573.5
2019 13.7 13.7 20.9 7.2 3.5 68 2020.7 1937.0
2020 13.8 13.8 20.9 7.1 3.6 70 2005.1 1687.5
2021 13.7 13.7 21.1 7.4 3.5 68 2215.8 2056.5
2022 13.5 13.5 20.8 7.3 3.4 69 2111.1 1657.5
