2009 0.193 0.177 0.217 0.441 0.690 0.727 0.097 0.354
2010 0.213 0.207 0.225 0.382 0.690 0.773 0.000 0.408
2011 0.180 0.171 0.196 0.412 0.714 0.682 0.034 0.389
2012 0.200 0.195 0.210 0.382 0.714 0.909 0.246 0.359
2013 0.187 0.183 0.196 0.382 0.714 0.727 0.037 0.569
2014 0.193 0.177 0.217 0.441 0.738 0.636 0.210 0.357
2015 0.240 0.213 0.268 0.456 0.738 0.545 0.273 0.275
2016 0.227 0.207 0.254 0.441 0.667 0.727 0.235 0.377
2017 0.187 0.177 0.203 0.412 0.690 0.818 0.164 0.423
2018 0.213 0.201 0.239 0.426 0.667 0.773 0.092 0.450
2019 0.253 0.213 0.297 0.515 0.690 0.636 0.391 0.300
2020 0.247 0.238 0.275 0.412 0.667 0.773 0.101 0.452
2021 0.253 0.226 0.290 0.471 0.714 0.773 0.315 0.417
2022 0.233 0.207 0.268 0.471 0.667 0.773 0.216 0.399
