2009 0.100 0.085 0.138 0.500 0.548 0.727 0.129 0.264
2010 0.133 0.128 0.159 0.441 0.548 0.773 0.033 0.301
2011 0.100 0.091 0.130 0.471 0.571 0.818 0.107 0.301
2012 0.093 0.098 0.116 0.426 0.548 0.909 0.231 0.210
2013 0.093 0.098 0.116 0.426 0.571 0.818 0.082 0.333
2014 0.107 0.085 0.145 0.515 0.571 0.773 0.295 0.272
2015 0.160 0.146 0.196 0.471 0.595 0.727 0.297 0.112
2016 0.127 0.116 0.159 0.471 0.571 0.818 0.185 0.241
2017 0.107 0.085 0.138 0.500 0.571 0.773 0.222 0.240
2018 0.127 0.116 0.167 0.485 0.595 0.773 0.205 0.296
2019 0.153 0.128 0.217 0.559 0.595 0.682 0.433 0.142
2020 0.167 0.159 0.196 0.441 0.571 0.818 0.163 0.250
2021 0.160 0.134 0.203 0.515 0.571 0.818 0.344 0.239
2022 0.147 0.122 0.203 0.544 0.548 0.818 0.331 0.352
