2009 0.480 0.463 0.514 0.353 0.619 0.455 0.262 0.323
2010 0.500 0.476 0.543 0.382 0.643 0.455 0.486 0.286
2011 0.480 0.457 0.522 0.382 0.619 0.364 0.632 0.197
2012 0.453 0.433 0.493 0.382 0.571 0.409 0.590 0.316
2013 0.500 0.457 0.558 0.456 0.643 0.273 0.683 0.260
2014 0.480 0.451 0.529 0.412 0.571 0.227 0.662 0.276
2015 0.507 0.494 0.551 0.353 0.595 0.364 0.585 0.316
2016 0.513 0.488 0.565 0.397 0.548 0.409 0.413 0.313
2017 0.480 0.457 0.522 0.382 0.571 0.273 0.605 0.194
2018 0.540 0.506 0.587 0.397 0.619 0.409 0.669 0.198
2019 0.513 0.494 0.558 0.368 0.548 0.273 0.467 0.344
2020 0.527 0.500 0.558 0.353 0.548 0.409 0.436 0.375
2021 0.533 0.500 0.580 0.397 0.571 0.227 0.717 0.390
2022 0.507 0.488 0.558 0.382 0.548 0.318 0.576 0.254
