2009 0.547 0.518 0.601 0.397 0.310 0.273 0.365 0.342
2010 0.560 0.530 0.616 0.397 0.381 0.318 0.390 0.354
2011 0.533 0.512 0.587 0.382 0.405 0.455 0.377 0.394
2012 0.527 0.506 0.572 0.368 0.405 0.409 0.357 0.367
2013 0.573 0.537 0.638 0.426 0.405 0.364 0.609 0.379
2014 0.533 0.506 0.594 0.412 0.381 0.500 0.367 0.366
2015 0.547 0.524 0.601 0.382 0.357 0.591 0.428 0.401
2016 0.600 0.567 0.659 0.397 0.333 0.682 0.388 0.585
2017 0.567 0.530 0.623 0.412 0.357 0.500 0.619 0.217
2018 0.573 0.537 0.638 0.426 0.357 0.500 0.644 0.317
2019 0.587 0.555 0.659 0.426 0.333 0.545 0.535 0.314
2020 0.587 0.555 0.645 0.397 0.381 0.500 0.591 0.516
2021 0.607 0.567 0.681 0.441 0.381 0.455 0.594 0.438
2022 0.593 0.555 0.652 0.412 0.357 0.409 0.708 0.189
