2009 0.373 0.323 0.464 0.588 0.333 0.818 0.164 0.467
2010 0.393 0.354 0.471 0.529 0.357 0.864 0.182 0.684
2011 0.367 0.329 0.457 0.559 0.333 0.864 0.252 0.668
2012 0.367 0.329 0.449 0.544 0.381 0.773 0.314 0.609
2013 0.387 0.335 0.478 0.588 0.357 0.727 0.300 0.687
2014 0.367 0.317 0.464 0.603 0.357 0.727 0.346 0.599
2015 0.407 0.354 0.485 0.559 0.333 0.818 0.246 0.545
2016 0.433 0.384 0.536 0.588 0.357 0.636 0.293 0.454
2017 0.367 0.317 0.464 0.603 0.333 0.727 0.322 0.614
2018 0.413 0.354 0.514 0.618 0.333 0.864 0.401 0.656
2019 0.433 0.366 0.536 0.632 0.333 0.818 0.336 0.395
2020 0.433 0.384 0.536 0.588 0.333 0.864 0.256 0.622
2021 0.420 0.360 0.529 0.632 0.357 0.864 0.386 0.731
2022 0.420 0.366 0.529 0.618 0.310 0.864 0.384 0.601
