2009 0.293 0.238 0.399 0.662 0.238 0.409 0.251 0.138
2010 0.313 0.256 0.428 0.676 0.190 0.500 0.297 0.284
2011 0.280 0.220 0.399 0.706 0.238 0.455 0.382 0.142
2012 0.273 0.238 0.370 0.603 0.262 0.545 0.311 0.135
2013 0.287 0.232 0.399 0.676 0.286 0.500 0.401 0.178
2014 0.280 0.226 0.391 0.676 0.262 0.500 0.444 0.233
2015 0.340 0.280 0.449 0.662 0.262 0.545 0.439 0.206
2016 0.340 0.274 0.442 0.662 0.286 0.500 0.375 0.168
2017 0.287 0.232 0.384 0.647 0.286 0.591 0.336 0.179
2018 0.340 0.268 0.464 0.721 0.262 0.545 0.470 0.054
2019 0.327 0.262 0.449 0.706 0.286 0.545 0.481 0.265
2020 0.333 0.287 0.435 0.618 0.262 0.636 0.245 0.186
2021 0.327 0.262 0.442 0.691 0.262 0.636 0.369 0.178
2022 0.320 0.256 0.435 0.691 0.262 0.636 0.365 0.122
