2009 0.480 0.396 0.601 0.691 0.286 0.182 0.671 0.413
2010 0.487 0.415 0.587 0.618 0.286 0.273 0.617 0.592
2011 0.453 0.384 0.565 0.647 0.310 0.318 0.630 0.371
2012 0.440 0.378 0.536 0.603 0.333 0.455 0.680 0.402
2013 0.480 0.396 0.594 0.676 0.333 0.273 0.858 0.403
2014 0.467 0.390 0.572 0.647 0.333 0.273 0.755 0.351
2015 0.493 0.427 0.601 0.618 0.310 0.409 0.664 0.534
2016 0.520 0.445 0.638 0.647 0.310 0.318 0.683 0.441
2017 0.453 0.378 0.558 0.647 0.310 0.318 0.725 0.399
2018 0.520 0.433 0.638 0.676 0.333 0.273 0.822 0.474
2019 0.527 0.451 0.645 0.647 0.310 0.227 0.742 0.377
2020 0.527 0.451 0.638 0.632 0.310 0.318 0.720 0.474
2021 0.513 0.445 0.630 0.632 0.310 0.318 0.641 0.528
2022 0.507 0.433 0.623 0.647 0.286 0.318 0.727 0.438
