2009 0.393 0.366 0.449 0.456 0.357 0.682 0.382 0.245
2010 0.413 0.390 0.464 0.426 0.333 0.727 0.407 0.397
2011 0.393 0.366 0.457 0.471 0.310 0.727 0.406 0.378
2012 0.380 0.360 0.428 0.426 0.405 0.727 0.430 0.357
2013 0.400 0.366 0.464 0.485 0.405 0.636 0.623 0.275
2014 0.387 0.354 0.442 0.471 0.429 0.636 0.523 0.261
2015 0.427 0.396 0.471 0.426 0.405 0.682 0.415 0.373
2016 0.447 0.409 0.507 0.471 0.381 0.682 0.565 0.321
2017 0.380 0.360 0.435 0.441 0.405 0.682 0.489 0.410
2018 0.440 0.390 0.507 0.515 0.381 0.773 0.611 0.399
2019 0.447 0.415 0.500 0.441 0.381 0.773 0.514 0.244
2020 0.447 0.421 0.507 0.441 0.381 0.818 0.461 0.399
2021 0.440 0.402 0.514 0.500 0.381 0.818 0.509 0.379
2022 0.440 0.396 0.507 0.500 0.381 0.818 0.549 0.253
