2009 0.487 0.427 0.594 0.603 0.571 0.273 0.548 0.273
2010 0.500 0.445 0.594 0.559 0.524 0.273 0.600 0.307
2011 0.473 0.427 0.558 0.529 0.524 0.318 0.522 0.279
2012 0.473 0.433 0.551 0.500 0.500 0.409 0.515 0.271
2013 0.500 0.439 0.587 0.559 0.500 0.409 0.794 0.385
2014 0.473 0.427 0.551 0.515 0.500 0.455 0.532 0.302
2015 0.500 0.457 0.580 0.500 0.452 0.318 0.516 0.325
2016 0.540 0.500 0.623 0.485 0.452 0.318 0.452 0.486
2017 0.480 0.433 0.558 0.515 0.452 0.227 0.647 0.318
2018 0.513 0.470 0.594 0.500 0.476 0.182 0.728 0.404
2019 0.540 0.482 0.630 0.544 0.476 0.136 0.682 0.238
2020 0.533 0.482 0.623 0.529 0.476 0.136 0.714 0.454
2021 0.533 0.470 0.630 0.574 0.452 0.182 0.636 0.534
2022 0.533 0.482 0.638 0.559 0.476 0.091 0.728 0.182
