2009 0.660 0.598 0.761 0.529 0.476 0.409 0.512 0.288
2010 0.653 0.610 0.725 0.426 0.452 0.591 0.325 0.759
2011 0.620 0.573 0.688 0.441 0.500 0.591 0.423 0.466
2012 0.607 0.561 0.688 0.471 0.500 0.682 0.310 0.743
2013 0.653 0.591 0.761 0.544 0.500 0.545 0.730 0.370
2014 0.627 0.573 0.703 0.471 0.476 0.636 0.428 0.723
2015 0.647 0.598 0.717 0.441 0.429 0.727 0.337 1.000
2016 0.700 0.652 0.783 0.441 0.452 0.773 0.499 0.874
2017 0.633 0.579 0.717 0.485 0.476 0.682 0.578 0.536
2018 0.660 0.604 0.746 0.485 0.500 0.682 0.602 0.577
2019 0.687 0.640 0.775 0.456 0.476 0.636 0.524 0.602
2020 0.673 0.610 0.768 0.515 0.452 0.682 0.592 0.771
2021 0.680 0.628 0.783 0.500 0.452 0.682 0.589 0.706
2022 0.680 0.628 0.768 0.471 0.452 0.636 0.555 0.584
