2009 0.147 0.354 0.420 0.426 0.619 0.409 0.264 0.542
2010 0.173 0.378 0.435 0.397 0.643 0.500 0.236 0.731
2011 0.147 0.354 0.420 0.426 0.619 0.591 0.279 0.601
2012 0.153 0.360 0.413 0.397 0.619 0.591 0.393 0.670
2013 0.160 0.366 0.442 0.441 0.643 0.545 0.424 0.885
2014 0.147 0.354 0.413 0.412 0.571 0.545 0.417 0.657
2015 0.187 0.390 0.457 0.412 0.571 0.591 0.351 0.500
2016 0.207 0.409 0.500 0.456 0.619 0.545 0.360 0.575
2017 0.153 0.360 0.435 0.441 0.643 0.455 0.406 0.679
2018 0.187 0.390 0.485 0.471 0.619 0.500 0.436 0.700
2019 0.207 0.409 0.500 0.456 0.571 0.409 0.451 0.448
2020 0.220 0.421 0.507 0.441 0.595 0.500 0.296 0.623
2021 0.207 0.409 0.507 0.471 0.643 0.500 0.444 0.675
2022 0.200 0.402 0.493 0.456 0.619 0.545 0.458 0.519
