2009 0.533 0.524 0.551 0.279 0.548 0.364 0.597 0.177
2010 0.540 0.537 0.558 0.265 0.571 0.455 0.641 0.322
2011 0.513 0.506 0.529 0.279 0.595 0.409 0.653 0.319
2012 0.500 0.500 0.514 0.265 0.595 0.227 0.567 0.196
2013 0.527 0.512 0.551 0.309 0.571 0.227 0.800 0.210
2014 0.507 0.500 0.529 0.294 0.595 0.227 0.645 0.185
2015 0.547 0.537 0.551 0.250 0.548 0.318 0.541 0.304
2016 0.580 0.561 0.609 0.309 0.548 0.318 0.663 0.227
2017 0.513 0.506 0.529 0.279 0.548 0.318 0.741 0.176
2018 0.553 0.537 0.565 0.279 0.571 0.409 0.792 0.457
2019 0.573 0.555 0.587 0.279 0.548 0.364 0.691 0.170
2020 0.567 0.561 0.587 0.265 0.548 0.364 0.732 0.316
2021 0.560 0.543 0.587 0.309 0.548 0.409 0.725 0.324
2022 0.560 0.549 0.580 0.279 0.548 0.364 0.853 0.165
