2009 0.560 0.482 0.681 0.647 0.095 0.500 0.685 0.466
2010 0.567 0.488 0.667 0.603 0.095 0.545 0.667 0.810
2011 0.540 0.463 0.645 0.618 0.095 0.500 0.675 0.674
2012 0.513 0.445 0.623 0.618 0.095 0.591 0.616 0.774
2013 0.547 0.457 0.667 0.676 0.119 0.455 0.914 0.554
2014 0.527 0.451 0.638 0.632 0.119 0.455 0.644 0.998
2015 0.560 0.482 0.674 0.632 0.095 0.591 0.648 0.767
2016 0.600 0.530 0.710 0.588 0.095 0.591 0.646 0.719
2017 0.533 0.451 0.652 0.662 0.095 0.455 0.764 0.452
2018 0.553 0.476 0.667 0.632 0.119 0.636 0.809 0.809
2019 0.580 0.500 0.696 0.632 0.095 0.591 0.683 0.624
2020 0.580 0.494 0.703 0.662 0.095 0.591 0.853 0.858
2021 0.567 0.482 0.696 0.676 0.095 0.636 0.757 0.819
2022 0.573 0.488 0.703 0.676 0.095 0.591 0.815 0.453
