2009 0.400 0.305 0.572 0.853 0.190 0.182 0.682 0.119
2010 0.407 0.305 0.587 0.882 0.190 0.318 0.723 0.218
2011 0.393 0.280 0.587 0.941 0.214 0.227 0.850 0.252
2012 0.380 0.274 0.565 0.912 0.238 0.227 0.899 0.112
2013 0.420 0.299 0.638 1.000 0.262 0.091 1.000 0.091
2014 0.373 0.268 0.565 0.926 0.214 0.182 0.877 0.174
2015 0.433 0.329 0.609 0.868 0.190 0.273 0.751 0.149
2016 0.440 0.329 0.623 0.897 0.190 0.227 0.734 0.153
2017 0.387 0.274 0.580 0.941 0.238 0.000 0.899 0.136
2018 0.460 0.341 0.659 0.941 0.214 0.091 0.932 0.162
2019 0.453 0.348 0.638 0.882 0.214 0.182 0.762 0.167
2020 0.453 0.348 0.638 0.882 0.190 0.455 0.795 0.255
2021 0.440 0.329 0.638 0.926 0.214 0.364 0.862 0.193
2022 0.440 0.323 0.638 0.941 0.190 0.409 0.841 0.117
