2009 0.560 0.463 0.688 0.706 0.238 0.500 0.538 0.300
2010 0.553 0.463 0.674 0.676 0.238 0.545 0.441 0.469
2011 0.520 0.433 0.638 0.676 0.238 0.500 0.442 0.496
2012 0.507 0.427 0.616 0.647 0.214 0.500 0.417 0.515
2013 0.540 0.439 0.667 0.721 0.262 0.545 0.743 0.436
2014 0.513 0.421 0.630 0.691 0.238 0.591 0.439 0.343
2015 0.540 0.463 0.659 0.647 0.190 0.727 0.423 0.542
2016 0.593 0.506 0.717 0.662 0.167 0.773 0.486 0.613
2017 0.520 0.433 0.645 0.691 0.214 0.636 0.619 0.384
2018 0.560 0.463 0.688 0.706 0.190 0.636 0.639 0.428
2019 0.573 0.482 0.703 0.691 0.190 0.636 0.620 0.454
2020 0.567 0.470 0.703 0.721 0.214 0.636 0.679 0.601
2021 0.587 0.488 0.732 0.735 0.214 0.636 0.662 0.561
2022 0.587 0.482 0.703 0.691 0.190 0.455 0.702 0.279
