2009 0.427 0.354 0.551 0.691 0.262 0.318 0.504 0.148
2010 0.447 0.354 0.594 0.779 0.238 0.364 0.662 0.213
2011 0.420 0.323 0.572 0.809 0.286 0.318 0.761 0.219
2012 0.400 0.317 0.551 0.779 0.333 0.318 0.800 0.137
2013 0.433 0.335 0.594 0.824 0.333 0.227 0.878 0.195
2014 0.413 0.317 0.558 0.794 0.310 0.227 0.908 0.240
2015 0.460 0.372 0.587 0.721 0.286 0.227 0.715 0.223
2016 0.453 0.366 0.587 0.735 0.262 0.227 0.621 0.211
2017 0.420 0.329 0.565 0.779 0.310 0.091 0.838 0.214
2018 0.487 0.384 0.645 0.809 0.262 0.227 0.851 0.130
2019 0.467 0.378 0.601 0.735 0.310 0.364 0.691 0.265
2020 0.473 0.384 0.609 0.735 0.262 0.500 0.659 0.232
2021 0.460 0.366 0.609 0.779 0.286 0.409 0.790 0.170
2022 0.460 0.366 0.609 0.779 0.286 0.455 0.760 0.195
