2009 0.467 0.396 0.587 0.662 0.190 0.182 0.334 0.264
2010 0.487 0.415 0.601 0.647 0.190 0.273 0.310 0.465
2011 0.460 0.390 0.580 0.662 0.190 0.409 0.329 0.328
2012 0.447 0.384 0.551 0.618 0.190 0.409 0.311 0.299
2013 0.473 0.396 0.609 0.706 0.190 0.273 0.494 0.261
2014 0.467 0.402 0.587 0.647 0.190 0.318 0.339 0.237
2015 0.500 0.439 0.609 0.603 0.167 0.409 0.337 0.459
2016 0.533 0.457 0.659 0.662 0.190 0.364 0.403 0.391
2017 0.460 0.396 0.572 0.632 0.190 0.364 0.429 0.268
2018 0.520 0.445 0.638 0.647 0.214 0.318 0.534 0.368
2019 0.520 0.457 0.630 0.603 0.190 0.409 0.375 0.247
2020 0.527 0.463 0.638 0.603 0.167 0.409 0.408 0.326
2021 0.520 0.451 0.645 0.647 0.167 0.409 0.463 0.456
2022 0.513 0.445 0.645 0.662 0.167 0.409 0.556 0.264
