2009 0.400 0.335 0.514 0.662 0.333 0.045 0.579 0.106
2010 0.427 0.341 0.551 0.721 0.310 0.136 0.688 0.275
2011 0.387 0.305 0.522 0.750 0.333 0.045 0.773 0.224
2012 0.373 0.299 0.500 0.721 0.381 0.182 0.762 0.136
2013 0.407 0.329 0.551 0.750 0.429 0.091 0.908 0.110
2014 0.387 0.311 0.507 0.706 0.405 0.091 0.886 0.243
2015 0.433 0.360 0.543 0.662 0.333 0.182 0.690 0.188
2016 0.433 0.360 0.551 0.676 0.286 0.227 0.677 0.194
2017 0.387 0.317 0.514 0.706 0.310 0.182 0.792 0.175
2018 0.467 0.378 0.601 0.735 0.286 0.182 0.922 0.127
2019 0.440 0.366 0.565 0.691 0.286 0.273 0.737 0.260
2020 0.447 0.372 0.572 0.691 0.238 0.364 0.702 0.216
2021 0.440 0.360 0.572 0.721 0.262 0.318 0.764 0.214
2022 0.440 0.360 0.572 0.721 0.238 0.364 0.759 0.160
