2009 0.520 0.451 0.609 0.574 0.214 0.227 0.555 0.212
2010 0.520 0.463 0.609 0.544 0.214 0.182 0.552 0.258
2011 0.493 0.439 0.580 0.544 0.214 0.182 0.510 0.322
2012 0.480 0.427 0.558 0.529 0.214 0.455 0.457 0.234
2013 0.513 0.445 0.601 0.574 0.238 0.409 0.753 0.319
2014 0.487 0.433 0.572 0.544 0.214 0.455 0.456 0.250
2015 0.513 0.457 0.587 0.515 0.190 0.545 0.444 0.340
2016 0.567 0.512 0.645 0.500 0.190 0.545 0.480 0.306
2017 0.507 0.451 0.580 0.515 0.214 0.409 0.623 0.288
2018 0.533 0.476 0.616 0.529 0.214 0.455 0.719 0.377
2019 0.553 0.494 0.645 0.544 0.214 0.500 0.598 0.159
2020 0.547 0.488 0.638 0.544 0.214 0.500 0.710 0.332
2021 0.553 0.488 0.645 0.559 0.238 0.545 0.641 0.293
2022 0.547 0.488 0.638 0.544 0.214 0.500 0.701 0.121
