2009 0.393 0.348 0.464 0.529 0.476 0.773 0.094 0.316
2010 0.427 0.384 0.500 0.515 0.524 0.727 0.264 0.397
2011 0.393 0.360 0.471 0.515 0.476 0.864 0.200 0.437
2012 0.400 0.360 0.471 0.515 0.476 0.818 0.281 0.298
2013 0.420 0.372 0.500 0.544 0.500 0.773 0.399 0.456
2014 0.387 0.348 0.464 0.529 0.476 0.864 0.281 0.384
2015 0.420 0.378 0.485 0.500 0.452 0.864 0.300 0.347
2016 0.453 0.415 0.529 0.500 0.452 0.909 0.225 0.378
2017 0.413 0.360 0.485 0.544 0.500 0.818 0.409 0.365
2018 0.433 0.384 0.514 0.544 0.476 0.818 0.407 0.437
2019 0.453 0.396 0.543 0.574 0.429 0.818 0.343 0.275
2020 0.447 0.402 0.529 0.529 0.476 0.864 0.339 0.450
2021 0.453 0.402 0.543 0.559 0.524 0.864 0.403 0.519
2022 0.447 0.396 0.536 0.559 0.476 0.773 0.451 0.211
