2009 0.340 0.268 0.442 0.676 0.214 0.636 0.424 0.265
2010 0.360 0.280 0.471 0.706 0.262 0.682 0.565 0.288
2011 0.333 0.244 0.449 0.750 0.238 0.636 0.631 0.277
2012 0.320 0.250 0.420 0.676 0.262 0.727 0.748 0.273
2013 0.347 0.256 0.464 0.750 0.238 0.636 0.803 0.224
2014 0.340 0.250 0.457 0.750 0.238 0.636 0.794 0.268
2015 0.380 0.305 0.478 0.662 0.262 0.727 0.666 0.187
2016 0.380 0.305 0.493 0.691 0.262 0.727 0.612 0.253
2017 0.340 0.250 0.457 0.750 0.238 0.591 0.692 0.153
2018 0.413 0.317 0.543 0.765 0.262 0.636 0.745 0.205
2019 0.387 0.305 0.500 0.706 0.262 0.591 0.638 0.241
2020 0.393 0.317 0.507 0.691 0.262 0.727 0.609 0.252
2021 0.393 0.293 0.529 0.794 0.238 0.545 0.807 0.332
2022 0.380 0.293 0.514 0.765 0.238 0.545 0.706 0.179
