2009 0.580 0.494 0.681 0.618 0.452 0.682 0.719 0.518
2010 0.573 0.500 0.659 0.559 0.452 0.773 0.541 0.715
2011 0.547 0.476 0.638 0.574 0.476 0.682 0.595 0.642
2012 0.540 0.476 0.623 0.544 0.452 0.727 0.561 0.842
2013 0.587 0.500 0.696 0.632 0.500 0.682 0.950 0.471
2014 0.553 0.476 0.652 0.603 0.452 0.818 0.622 0.689
2015 0.573 0.506 0.667 0.559 0.405 0.864 0.520 0.843
2016 0.633 0.561 0.717 0.529 0.429 0.864 0.602 0.762
2017 0.567 0.488 0.674 0.618 0.476 0.727 0.769 0.686
2018 0.580 0.512 0.674 0.559 0.452 0.864 0.738 0.834
2019 0.620 0.549 0.710 0.544 0.429 0.864 0.596 0.794
2020 0.613 0.524 0.717 0.618 0.429 0.818 0.754 0.538
2021 0.607 0.518 0.710 0.618 0.476 0.818 0.693 0.821
2022 0.607 0.537 0.703 0.559 0.429 0.818 0.656 0.733
