2009 0.100 0.043 0.181 0.691 0.381 0.727 0.250 0.203
2010 0.127 0.091 0.188 0.588 0.357 0.727 0.131 0.323
2011 0.093 0.049 0.167 0.647 0.381 0.682 0.287 0.187
2012 0.113 0.067 0.188 0.647 0.381 0.773 0.363 0.121
2013 0.100 0.055 0.159 0.618 0.381 0.864 0.232 0.326
2014 0.100 0.043 0.188 0.706 0.381 0.727 0.409 0.204
2015 0.167 0.098 0.254 0.706 0.381 0.682 0.427 0.142
2016 0.140 0.079 0.225 0.691 0.381 0.727 0.381 0.217
2017 0.100 0.049 0.167 0.647 0.357 0.864 0.202 0.248
2018 0.127 0.067 0.210 0.691 0.357 0.818 0.337 0.218
2019 0.147 0.073 0.239 0.735 0.381 0.727 0.438 0.121
2020 0.153 0.110 0.225 0.618 0.357 0.864 0.129 0.265
2021 0.153 0.091 0.246 0.706 0.381 0.864 0.340 0.201
2022 0.140 0.073 0.217 0.691 0.357 0.909 0.332 0.245
