2009 0.553 0.524 0.609 0.397 0.238 0.455 0.455 0.378
2010 0.560 0.530 0.601 0.368 0.238 0.545 0.315 0.411
2011 0.527 0.506 0.558 0.338 0.238 0.591 0.286 0.501
2012 0.520 0.500 0.558 0.353 0.238 0.682 0.272 0.490
2013 0.560 0.524 0.609 0.397 0.286 0.591 0.570 0.339
2014 0.527 0.500 0.580 0.397 0.238 0.591 0.320 0.489
2015 0.547 0.518 0.594 0.382 0.214 0.682 0.313 0.576
2016 0.600 0.567 0.659 0.397 0.238 0.773 0.341 0.543
2017 0.547 0.512 0.587 0.382 0.238 0.727 0.486 0.371
2018 0.573 0.537 0.623 0.397 0.238 0.773 0.547 0.385
2019 0.587 0.555 0.638 0.382 0.214 0.773 0.513 0.374
2020 0.573 0.537 0.623 0.397 0.238 0.773 0.527 0.682
2021 0.600 0.561 0.667 0.426 0.214 0.773 0.475 0.513
2022 0.580 0.549 0.638 0.397 0.214 0.591 0.567 0.359
