2009 0.220 0.152 0.355 0.779 0.286 0.591 0.449 0.103
2010 0.233 0.177 0.362 0.735 0.262 0.682 0.483 0.130
2011 0.193 0.134 0.333 0.779 0.286 0.636 0.565 0.097
2012 0.200 0.140 0.326 0.750 0.286 0.636 0.594 0.096
2013 0.213 0.146 0.370 0.824 0.286 0.636 0.678 0.157
2014 0.187 0.116 0.326 0.809 0.262 0.636 0.579 0.078
2015 0.247 0.183 0.384 0.765 0.286 0.682 0.501 0.130
2016 0.267 0.189 0.420 0.824 0.310 0.682 0.574 0.085
2017 0.187 0.122 0.319 0.779 0.262 0.773 0.529 0.176
2018 0.260 0.183 0.428 0.853 0.286 0.727 0.670 0.073
2019 0.253 0.177 0.399 0.809 0.286 0.727 0.529 0.113
2020 0.267 0.195 0.413 0.794 0.286 0.818 0.503 0.121
2021 0.253 0.183 0.413 0.824 0.286 0.773 0.630 0.136
2022 0.240 0.171 0.391 0.809 0.262 0.773 0.592 0.118
