2009 0.493 0.427 0.609 0.632 0.381 0.136 0.698 0.363
2010 0.500 0.445 0.601 0.574 0.381 0.273 0.645 0.355
2011 0.467 0.409 0.572 0.603 0.429 0.409 0.699 0.373
2012 0.447 0.390 0.543 0.588 0.429 0.409 0.707 0.300
2013 0.487 0.409 0.609 0.676 0.429 0.273 0.897 0.266
2014 0.467 0.402 0.580 0.632 0.429 0.273 0.800 0.280
2015 0.500 0.445 0.601 0.574 0.405 0.409 0.649 0.379
2016 0.527 0.457 0.638 0.618 0.405 0.318 0.715 0.340
2017 0.453 0.396 0.565 0.618 0.405 0.273 0.767 0.345
2018 0.520 0.451 0.652 0.662 0.429 0.182 0.873 0.343
2019 0.527 0.470 0.638 0.588 0.429 0.273 0.755 0.296
2020 0.527 0.470 0.638 0.588 0.405 0.455 0.761 0.348
2021 0.513 0.457 0.630 0.603 0.381 0.500 0.628 0.444
2022 0.520 0.451 0.630 0.618 0.405 0.500 0.801 0.304
