2009 0.953 0.951 0.964 0.088 0.952 0.636 0.432 0.400
2010 0.933 0.933 0.928 0.059 0.952 0.727 0.069 0.744
2011 0.920 0.927 0.906 0.029 0.976 0.773 0.166 0.485
2012 0.927 0.939 0.913 0.015 1.000 0.727 0.104 0.689
2013 0.947 0.951 0.942 0.044 0.952 0.682 0.367 0.468
2014 0.933 0.939 0.928 0.044 0.952 0.682 0.319 0.640
2015 0.967 0.976 0.957 0.015 0.929 0.682 0.371 0.253
2016 1.000 1.000 1.000 0.044 0.905 0.727 0.316 0.568
2017 0.967 0.976 0.964 0.029 0.881 0.591 0.208 0.414
2018 0.960 0.963 0.957 0.044 0.952 0.727 0.432 0.601
2019 0.987 0.988 0.978 0.029 0.929 0.864 0.227 0.658
2020 0.980 0.982 0.978 0.044 0.905 0.864 0.297 0.605
2021 0.967 0.970 0.964 0.044 0.929 0.864 0.423 0.607
2022 0.973 0.982 0.957 0.000 0.857 1.000 0.153 0.777
