2009 0.400 0.293 0.565 0.868 0.024 0.773 0.361 0.207
2010 0.420 0.323 0.572 0.809 0.024 0.682 0.340 0.307
2011 0.393 0.299 0.551 0.824 0.024 0.591 0.404 0.269
2012 0.373 0.293 0.522 0.779 0.024 0.682 0.315 0.310
2013 0.413 0.305 0.580 0.868 0.024 0.636 0.556 0.280
2014 0.387 0.293 0.551 0.838 0.024 0.727 0.410 0.218
2015 0.427 0.335 0.580 0.794 0.024 0.818 0.298 0.282
2016 0.460 0.348 0.623 0.853 0.000 0.818 0.442 0.276
2017 0.420 0.341 0.551 0.721 0.167 0.545 0.446 0.208
2018 0.473 0.390 0.616 0.735 0.190 0.545 0.615 0.327
2019 0.480 0.390 0.616 0.735 0.190 0.591 0.442 0.272
2020 0.480 0.402 0.623 0.721 0.190 0.591 0.437 0.321
2021 0.480 0.396 0.630 0.750 0.214 0.591 0.490 0.325
2022 0.473 0.384 0.623 0.765 0.190 0.591 0.594 0.183
