2009 0.333 0.329 0.348 0.338 0.452 0.500 0.150 0.376
2010 0.353 0.354 0.370 0.324 0.452 0.636 0.148 0.469
2011 0.320 0.317 0.341 0.353 0.452 0.591 0.288 0.397
2012 0.313 0.317 0.319 0.309 0.476 0.636 0.302 0.381
2013 0.313 0.311 0.326 0.338 0.476 0.682 0.224 0.554
2014 0.307 0.293 0.326 0.382 0.452 0.636 0.323 0.439
2015 0.353 0.335 0.377 0.382 0.429 0.636 0.246 0.267
2016 0.360 0.335 0.384 0.397 0.405 0.727 0.298 0.278
2017 0.307 0.293 0.326 0.382 0.452 0.773 0.205 0.457
2018 0.347 0.323 0.391 0.441 0.429 0.773 0.260 0.377
2019 0.367 0.329 0.420 0.485 0.405 0.682 0.390 0.228
2020 0.373 0.348 0.413 0.426 0.405 0.818 0.172 0.471
2021 0.360 0.329 0.406 0.456 0.429 0.818 0.384 0.429
2022 0.360 0.329 0.399 0.441 0.381 0.773 0.311 0.445
