2009 0.527 0.463 0.609 0.544 0.286 0.318 0.551 0.209
2010 0.527 0.470 0.609 0.529 0.310 0.364 0.506 0.210
2011 0.500 0.445 0.572 0.515 0.333 0.364 0.467 0.431
2012 0.480 0.433 0.543 0.485 0.310 0.409 0.417 0.533
2013 0.520 0.451 0.609 0.574 0.333 0.500 0.732 0.280
2014 0.480 0.427 0.543 0.500 0.310 0.591 0.397 0.316
2015 0.513 0.470 0.572 0.456 0.310 0.591 0.379 0.337
2016 0.567 0.512 0.638 0.485 0.286 0.636 0.468 0.511
2017 0.513 0.457 0.587 0.515 0.333 0.545 0.620 0.415
2018 0.533 0.470 0.609 0.529 0.333 0.636 0.691 0.332
2019 0.553 0.494 0.630 0.515 0.333 0.682 0.533 0.362
2020 0.553 0.488 0.630 0.529 0.333 0.591 0.714 0.398
2021 0.553 0.488 0.638 0.544 0.333 0.591 0.557 0.271
2022 0.553 0.494 0.630 0.515 0.333 0.591 0.619 0.262
