2009 0.500 0.427 0.587 0.588 0.381 0.364 0.548 0.136
2010 0.507 0.439 0.587 0.559 0.429 0.318 0.646 0.183
2011 0.480 0.427 0.558 0.529 0.405 0.273 0.579 0.250
2012 0.467 0.409 0.536 0.529 0.452 0.364 0.602 0.146
2013 0.487 0.409 0.580 0.618 0.405 0.318 0.760 0.225
2014 0.467 0.409 0.543 0.544 0.381 0.318 0.525 0.159
2015 0.473 0.390 0.587 0.676 0.381 0.545 0.563 0.222
2016 0.500 0.415 0.630 0.706 0.357 0.636 0.548 0.282
2017 0.440 0.348 0.580 0.765 0.405 0.545 0.678 0.180
2018 0.480 0.378 0.616 0.765 0.405 0.591 0.774 0.248
2019 0.493 0.396 0.638 0.765 0.381 0.591 0.616 0.085
2020 0.493 0.396 0.645 0.779 0.381 0.591 0.710 0.162
2021 0.487 0.384 0.638 0.794 0.405 0.636 0.713 0.175
2022 0.487 0.384 0.645 0.809 0.357 0.545 0.796 0.057
