2009 0.533 0.488 0.609 0.485 0.238 0.227 0.553 0.166
2010 0.547 0.506 0.609 0.441 0.286 0.182 0.583 0.301
2011 0.520 0.476 0.587 0.471 0.286 0.227 0.710 0.316
2012 0.500 0.470 0.565 0.441 0.286 0.227 0.609 0.284
2013 0.533 0.482 0.616 0.515 0.286 0.136 0.843 0.251
2014 0.507 0.463 0.580 0.485 0.286 0.273 0.709 0.204
2015 0.540 0.500 0.609 0.456 0.262 0.364 0.558 0.327
2016 0.573 0.524 0.659 0.500 0.262 0.318 0.675 0.262
2017 0.513 0.476 0.580 0.456 0.262 0.273 0.731 0.203
2018 0.553 0.506 0.630 0.485 0.262 0.318 0.810 0.328
2019 0.567 0.518 0.645 0.485 0.262 0.364 0.650 0.184
2020 0.573 0.530 0.638 0.441 0.262 0.318 0.697 0.285
2021 0.560 0.518 0.645 0.485 0.262 0.364 0.727 0.450
2022 0.560 0.512 0.645 0.500 0.262 0.318 0.862 0.130
