2009 0.520 0.439 0.638 0.662 0.452 0.364 0.501 0.346
2010 0.527 0.451 0.630 0.618 0.452 0.409 0.410 0.425
2011 0.500 0.433 0.601 0.603 0.452 0.455 0.425 0.447
2012 0.493 0.433 0.587 0.574 0.476 0.545 0.433 0.444
2013 0.533 0.457 0.645 0.632 0.476 0.591 0.662 0.449
2014 0.507 0.439 0.609 0.603 0.476 0.636 0.416 0.529
2015 0.533 0.470 0.638 0.588 0.405 0.636 0.444 0.472
2016 0.587 0.512 0.688 0.588 0.405 0.682 0.419 0.640
2017 0.527 0.457 0.638 0.618 0.429 0.545 0.586 0.323
2018 0.553 0.476 0.667 0.632 0.452 0.591 0.682 0.404
2019 0.573 0.494 0.681 0.618 0.429 0.591 0.593 0.471
2020 0.560 0.482 0.674 0.632 0.452 0.591 0.644 0.737
2021 0.587 0.500 0.710 0.662 0.452 0.545 0.660 0.605
2022 0.573 0.494 0.688 0.632 0.452 0.500 0.757 0.333
