2009 0.020 0.030 0.014 0.382 0.548 0.455 0.168 0.160
2010 0.047 0.061 0.036 0.353 0.500 0.500 0.093 0.219
2011 0.013 0.018 0.014 0.412 0.476 0.500 0.313 0.196
2012 0.013 0.030 0.007 0.368 0.524 0.545 0.377 0.204
2013 0.007 0.018 0.000 0.382 0.548 0.591 0.210 0.227
2014 0.013 0.006 0.036 0.485 0.524 0.409 0.467 0.179
2015 0.060 0.067 0.065 0.397 0.548 0.409 0.371 0.203
2016 0.013 0.024 0.007 0.382 0.571 0.364 0.376 0.231
2017 0.000 0.000 0.007 0.441 0.476 0.409 0.377 0.164
2018 0.027 0.030 0.022 0.397 0.476 0.500 0.301 0.205
2019 0.047 0.043 0.072 0.471 0.524 0.500 0.540 0.049
2020 0.060 0.067 0.065 0.397 0.476 0.591 0.323 0.079
2021 0.073 0.061 0.101 0.485 0.524 0.545 0.600 0.141
2022 0.073 0.067 0.080 0.426 0.500 0.591 0.404 0.162
