2009 0.253 0.238 0.297 0.456 0.429 0.591 0.286 0.212
2010 0.273 0.262 0.312 0.426 0.405 0.636 0.345 0.259
2011 0.253 0.232 0.304 0.485 0.452 0.545 0.542 0.182
2012 0.233 0.232 0.268 0.412 0.452 0.636 0.464 0.171
2013 0.240 0.226 0.275 0.441 0.452 0.591 0.435 0.148
2014 0.247 0.226 0.297 0.485 0.452 0.545 0.643 0.250
2015 0.307 0.274 0.355 0.485 0.452 0.500 0.652 0.259
2016 0.293 0.274 0.348 0.471 0.429 0.455 0.451 0.181
2017 0.253 0.238 0.290 0.441 0.405 0.545 0.464 0.218
2018 0.300 0.262 0.362 0.529 0.405 0.636 0.550 0.138
2019 0.300 0.268 0.355 0.500 0.429 0.545 0.606 0.241
2020 0.307 0.293 0.348 0.426 0.381 0.727 0.355 0.193
2021 0.307 0.280 0.355 0.471 0.429 0.682 0.526 0.172
2022 0.293 0.268 0.355 0.500 0.405 0.682 0.505 0.186
