2009 0.527 0.463 0.609 0.544 0.190 0.455 0.646 0.562
2010 0.540 0.470 0.609 0.529 0.214 0.545 0.704 0.727
2011 0.520 0.433 0.616 0.632 0.238 0.364 0.903 0.611
2012 0.500 0.439 0.572 0.529 0.238 0.364 0.813 0.608
2013 0.540 0.470 0.616 0.544 0.214 0.318 0.841 0.385
2014 0.500 0.439 0.572 0.529 0.214 0.409 0.761 0.570
2015 0.540 0.476 0.609 0.515 0.190 0.500 0.682 0.713
2016 0.567 0.500 0.638 0.515 0.190 0.500 0.648 0.592
2017 0.513 0.433 0.601 0.603 0.214 0.273 0.868 0.481
2018 0.573 0.500 0.652 0.544 0.214 0.409 0.755 0.592
2019 0.580 0.512 0.659 0.529 0.214 0.545 0.668 0.575
2020 0.580 0.512 0.674 0.559 0.214 0.591 0.790 0.650
2021 0.573 0.494 0.652 0.559 0.214 0.500 0.848 0.615
2022 0.553 0.482 0.645 0.574 0.190 0.545 0.785 0.768
