2009 0.520 0.463 0.594 0.515 0.262 0.318 0.561 0.106
2010 0.527 0.470 0.594 0.500 0.262 0.318 0.615 0.107
2011 0.500 0.445 0.565 0.500 0.286 0.364 0.592 0.313
2012 0.480 0.427 0.558 0.529 0.310 0.409 0.549 0.118
2013 0.513 0.445 0.609 0.588 0.310 0.318 0.832 0.290
2014 0.487 0.427 0.565 0.544 0.262 0.409 0.529 0.187
2015 0.520 0.463 0.587 0.500 0.262 0.455 0.521 0.181
2016 0.560 0.500 0.638 0.515 0.262 0.500 0.580 0.206
2017 0.500 0.439 0.580 0.544 0.310 0.318 0.726 0.250
2018 0.527 0.463 0.601 0.529 0.262 0.500 0.793 0.303
2019 0.547 0.482 0.623 0.529 0.262 0.500 0.664 0.087
2020 0.553 0.488 0.630 0.529 0.262 0.500 0.721 0.147
2021 0.547 0.476 0.630 0.559 0.286 0.500 0.706 0.156
2022 0.547 0.476 0.638 0.574 0.262 0.455 0.773 0.000
