2009 0.520 0.482 0.580 0.441 0.500 0.318 0.613 0.311
2010 0.527 0.488 0.572 0.412 0.524 0.364 0.669 0.280
2011 0.507 0.470 0.558 0.426 0.524 0.364 0.673 0.633
2012 0.487 0.457 0.536 0.412 0.571 0.455 0.548 0.324
2013 0.513 0.457 0.587 0.515 0.452 0.409 0.869 0.428
2014 0.487 0.445 0.536 0.441 0.429 0.455 0.647 0.623
2015 0.527 0.488 0.572 0.412 0.429 0.500 0.615 0.440
2016 0.567 0.518 0.623 0.441 0.429 0.591 0.648 0.350
2017 0.507 0.463 0.558 0.441 0.429 0.455 0.803 0.277
2018 0.533 0.494 0.594 0.441 0.429 0.591 0.833 0.365
2019 0.553 0.512 0.609 0.426 0.405 0.545 0.694 0.292
2020 0.560 0.518 0.616 0.426 0.429 0.545 0.785 0.326
2021 0.547 0.500 0.616 0.471 0.429 0.591 0.736 0.272
2022 0.540 0.506 0.601 0.426 0.405 0.545 0.822 0.161
