2009 0.507 0.494 0.522 0.294 0.381 0.091 0.342 0.379
2010 0.520 0.494 0.558 0.368 0.381 0.136 0.539 0.338
2011 0.493 0.463 0.529 0.382 0.381 0.000 0.607 0.271
2012 0.480 0.463 0.507 0.338 0.405 0.182 0.574 0.301
2013 0.533 0.494 0.580 0.412 0.429 0.136 0.679 0.316
2014 0.500 0.476 0.543 0.382 0.381 0.182 0.653 0.381
2015 0.487 0.445 0.565 0.500 0.357 0.455 0.520 0.372
2016 0.487 0.439 0.572 0.529 0.357 0.500 0.398 0.371
2017 0.447 0.402 0.536 0.544 0.381 0.455 0.601 0.255
2018 0.513 0.457 0.594 0.529 0.405 0.545 0.661 0.260
2019 0.493 0.445 0.572 0.515 0.381 0.545 0.464 0.403
2020 0.493 0.445 0.580 0.529 0.357 0.591 0.445 0.308
2021 0.500 0.445 0.601 0.574 0.333 0.500 0.639 0.462
2022 0.487 0.439 0.587 0.559 0.333 0.545 0.580 0.316
