2009 0.393 0.323 0.500 0.662 0.381 0.682 0.153 0.395
2010 0.433 0.360 0.529 0.632 0.429 0.636 0.278 0.388
2011 0.393 0.335 0.493 0.618 0.381 0.727 0.168 0.570
2012 0.387 0.323 0.485 0.632 0.429 0.727 0.286 0.539
2013 0.427 0.341 0.543 0.706 0.476 0.636 0.399 0.461
2014 0.387 0.317 0.507 0.691 0.429 0.682 0.267 0.408
2015 0.420 0.348 0.536 0.676 0.405 0.727 0.257 0.361
2016 0.460 0.390 0.572 0.647 0.381 0.773 0.274 0.376
2017 0.407 0.329 0.522 0.691 0.429 0.682 0.386 0.528
2018 0.440 0.366 0.558 0.676 0.429 0.727 0.383 0.506
2019 0.460 0.372 0.580 0.706 0.405 0.773 0.284 0.290
2020 0.453 0.378 0.572 0.676 0.429 0.818 0.287 0.477
2021 0.453 0.366 0.587 0.735 0.429 0.818 0.344 0.508
2022 0.440 0.366 0.572 0.706 0.405 0.818 0.351 0.289
