2009 0.367 0.323 0.435 0.529 0.381 0.909 0.125 0.520
2010 0.387 0.348 0.457 0.515 0.381 1.000 0.157 0.707
2011 0.347 0.299 0.406 0.529 0.357 0.909 0.175 0.668
2012 0.340 0.305 0.399 0.500 0.381 0.864 0.317 0.552
2013 0.360 0.311 0.442 0.574 0.405 0.773 0.344 0.733
2014 0.347 0.299 0.413 0.544 0.357 0.636 0.327 0.623
2015 0.380 0.335 0.449 0.529 0.357 0.636 0.276 0.492
2016 0.407 0.360 0.485 0.544 0.381 0.636 0.241 0.557
2017 0.347 0.299 0.420 0.559 0.381 0.909 0.297 0.678
2018 0.393 0.335 0.485 0.603 0.381 0.909 0.357 0.695
2019 0.407 0.354 0.485 0.559 0.357 0.909 0.298 0.477
2020 0.420 0.366 0.507 0.574 0.357 0.909 0.226 0.490
2021 0.400 0.348 0.485 0.574 0.381 0.864 0.319 0.648
2022 0.400 0.348 0.478 0.559 0.357 0.864 0.334 0.579
