2009 0.480 0.451 0.529 0.412 0.619 0.500 0.625 0.286
2010 0.500 0.476 0.543 0.382 0.595 0.409 0.706 0.319
2011 0.467 0.445 0.507 0.382 0.595 0.364 0.652 0.362
2012 0.453 0.439 0.485 0.353 0.548 0.500 0.696 0.349
2013 0.493 0.457 0.536 0.412 0.524 0.364 0.907 0.242
2014 0.467 0.445 0.507 0.382 0.500 0.409 0.690 0.308
2015 0.500 0.482 0.529 0.338 0.476 0.500 0.599 0.438
2016 0.520 0.494 0.558 0.368 0.476 0.364 0.691 0.373
2017 0.467 0.439 0.500 0.382 0.476 0.227 0.728 0.338
2018 0.520 0.482 0.558 0.397 0.476 0.227 0.868 0.351
2019 0.520 0.494 0.558 0.368 0.500 0.227 0.659 0.321
2020 0.533 0.500 0.572 0.382 0.452 0.227 0.721 0.374
2021 0.520 0.494 0.572 0.397 0.500 0.227 0.713 0.391
2022 0.520 0.488 0.572 0.412 0.452 0.318 0.741 0.247
