2009 0.367 0.293 0.485 0.706 0.381 0.500 0.383 0.242
2010 0.380 0.299 0.507 0.735 0.357 0.591 0.434 0.351
2011 0.340 0.256 0.478 0.779 0.381 0.500 0.600 0.318
2012 0.327 0.250 0.464 0.765 0.405 0.455 0.638 0.334
2013 0.353 0.262 0.500 0.809 0.405 0.409 0.676 0.279
2014 0.340 0.250 0.478 0.794 0.405 0.364 0.727 0.366
2015 0.387 0.317 0.507 0.691 0.381 0.409 0.573 0.328
2016 0.380 0.299 0.514 0.750 0.381 0.455 0.490 0.308
2017 0.333 0.250 0.478 0.794 0.381 0.455 0.586 0.214
2018 0.407 0.317 0.558 0.794 0.405 0.591 0.704 0.197
2019 0.387 0.299 0.529 0.779 0.405 0.591 0.502 0.401
2020 0.393 0.311 0.529 0.750 0.405 0.682 0.520 0.229
2021 0.387 0.293 0.529 0.794 0.405 0.591 0.649 0.358
2022 0.387 0.299 0.529 0.779 0.381 0.636 0.621 0.212
