2009 0.520 0.470 0.587 0.485 0.595 0.273 0.603 0.283
2010 0.533 0.488 0.580 0.426 0.619 0.273 0.590 0.304
2011 0.500 0.463 0.551 0.426 0.619 0.227 0.688 0.361
2012 0.487 0.451 0.536 0.426 0.595 0.318 0.593 0.324
2013 0.527 0.470 0.594 0.500 0.619 0.364 0.826 0.234
2014 0.507 0.463 0.558 0.441 0.619 0.364 0.693 0.248
2015 0.540 0.500 0.587 0.412 0.571 0.500 0.518 0.290
2016 0.573 0.518 0.638 0.471 0.571 0.455 0.702 0.281
2017 0.513 0.470 0.565 0.441 0.595 0.409 0.751 0.225
2018 0.547 0.506 0.609 0.441 0.619 0.455 0.832 0.428
2019 0.553 0.506 0.623 0.471 0.571 0.455 0.724 0.320
2020 0.560 0.512 0.623 0.456 0.571 0.455 0.725 0.330
2021 0.553 0.500 0.623 0.485 0.595 0.500 0.702 0.353
2022 0.547 0.500 0.616 0.471 0.571 0.500 0.805 0.113
