2009 0.200 0.140 0.304 0.706 0.071 0.682 0.125 0.112
2010 0.227 0.183 0.326 0.647 0.071 0.682 0.105 0.251
2011 0.180 0.128 0.283 0.691 0.095 0.636 0.226 0.159
2012 0.180 0.140 0.268 0.632 0.119 0.727 0.226 0.108
2013 0.187 0.140 0.290 0.676 0.143 0.727 0.257 0.227
2014 0.180 0.128 0.283 0.691 0.119 0.682 0.297 0.223
2015 0.240 0.177 0.348 0.706 0.119 0.591 0.304 0.120
2016 0.240 0.189 0.348 0.676 0.143 0.591 0.245 0.192
2017 0.187 0.146 0.275 0.632 0.143 0.727 0.121 0.225
2018 0.233 0.165 0.348 0.735 0.143 0.773 0.324 0.152
2019 0.247 0.177 0.355 0.721 0.143 0.682 0.348 0.198
2020 0.260 0.207 0.362 0.662 0.119 0.773 0.112 0.206
2021 0.240 0.171 0.348 0.721 0.143 0.773 0.294 0.123
2022 0.233 0.171 0.341 0.706 0.119 0.773 0.303 0.170
