2009 0.447 0.354 0.594 0.779 0.095 0.591 0.438 0.450
2010 0.460 0.378 0.580 0.691 0.119 0.545 0.401 0.473
2011 0.433 0.366 0.558 0.676 0.095 0.545 0.343 0.408
2012 0.420 0.348 0.536 0.676 0.143 0.591 0.328 0.342
2013 0.447 0.348 0.601 0.809 0.143 0.727 0.592 0.534
2014 0.413 0.317 0.565 0.809 0.143 0.727 0.330 0.350
2015 0.453 0.354 0.601 0.794 0.143 0.773 0.410 0.465
2016 0.493 0.402 0.638 0.750 0.143 0.909 0.339 0.609
2017 0.433 0.335 0.594 0.824 0.119 0.818 0.541 0.366
2018 0.460 0.354 0.623 0.838 0.143 0.818 0.576 0.425
2019 0.480 0.378 0.652 0.838 0.143 0.773 0.506 0.436
2020 0.467 0.366 0.638 0.838 0.143 0.773 0.559 0.537
2021 0.487 0.378 0.659 0.853 0.143 0.818 0.517 0.489
2022 0.480 0.372 0.659 0.868 0.167 0.727 0.628 0.236
