2009 0.280 0.476 0.507 0.309 0.500 0.318 0.410 0.409
2010 0.280 0.476 0.543 0.382 0.500 0.409 0.643 0.397
2011 0.267 0.463 0.529 0.382 0.548 0.364 0.735 0.297
2012 0.240 0.439 0.493 0.368 0.548 0.409 0.673 0.444
2013 0.280 0.476 0.551 0.397 0.571 0.273 0.801 0.283
2014 0.260 0.457 0.529 0.397 0.548 0.364 0.766 0.398
2015 0.300 0.494 0.543 0.338 0.500 0.545 0.626 0.390
2016 0.307 0.500 0.558 0.353 0.500 0.545 0.489 0.435
2017 0.260 0.457 0.529 0.397 0.524 0.409 0.722 0.321
2018 0.320 0.512 0.587 0.382 0.571 0.455 0.741 0.302
2019 0.307 0.500 0.572 0.382 0.524 0.455 0.572 0.424
2020 0.313 0.506 0.572 0.368 0.548 0.545 0.557 0.340
2021 0.307 0.500 0.587 0.412 0.524 0.455 0.761 0.464
2022 0.293 0.488 0.565 0.397 0.500 0.500 0.660 0.330
